2.479699999999999989e+02	1.094100000000000072e+00	1.547800000000000065e+00
2.520100000000000193e+02	1.132100000000000106e+00	1.583599999999999897e+00
2.561200000000000045e+02	1.171799999999999953e+00	1.615099999999999980e+00
2.602999999999999545e+02	1.212699999999999889e+00	1.642099999999999893e+00
2.645400000000000205e+02	1.254299999999999971e+00	1.664299999999999891e+00
2.688600000000000136e+02	1.295800000000000063e+00	1.681599999999999984e+00
2.732400000000000091e+02	1.336600000000000010e+00	1.693799999999999972e+00
2.776999999999999886e+02	1.375899999999999901e+00	1.701100000000000056e+00
2.822200000000000273e+02	1.413000000000000034e+00	1.703699999999999992e+00
2.868299999999999841e+02	1.447000000000000064e+00	1.701899999999999968e+00
2.915000000000000000e+02	1.477400000000000047e+00	1.696199999999999930e+00
2.962600000000000477e+02	1.503400000000000070e+00	1.687200000000000033e+00
3.010900000000000318e+02	1.524699999999999944e+00	1.675699999999999967e+00
3.060000000000000000e+02	1.540699999999999958e+00	1.662400000000000100e+00
3.109900000000000091e+02	1.551399999999999890e+00	1.648300000000000098e+00
3.160600000000000023e+02	1.556699999999999973e+00	1.634200000000000097e+00
3.212099999999999795e+02	1.556699999999999973e+00	1.621099999999999985e+00
3.264500000000000455e+02	1.551700000000000079e+00	1.609799999999999898e+00
3.317699999999999818e+02	1.542200000000000015e+00	1.601199999999999957e+00
3.371800000000000068e+02	1.528799999999999937e+00	1.596000000000000085e+00
3.426800000000000068e+02	1.512299999999999978e+00	1.594899999999999984e+00
3.482700000000000387e+02	1.493700000000000028e+00	1.598300000000000054e+00
3.539499999999999886e+02	1.474099999999999966e+00	1.606500000000000039e+00
3.597199999999999704e+02	1.454900000000000082e+00	1.619299999999999962e+00
3.655900000000000318e+02	1.437300000000000022e+00	1.636500000000000066e+00
3.715500000000000114e+02	1.422600000000000087e+00	1.657100000000000017e+00
3.776100000000000136e+02	1.411999999999999922e+00	1.679699999999999971e+00
3.837699999999999818e+02	1.405999999999999917e+00	1.702499999999999902e+00
3.900199999999999818e+02	1.404700000000000060e+00	1.723200000000000065e+00
3.963799999999999955e+02	1.407100000000000017e+00	1.739400000000000057e+00
4.028499999999999659e+02	1.411200000000000010e+00	1.749000000000000110e+00
4.094200000000000159e+02	1.414099999999999913e+00	1.750599999999999934e+00
4.160900000000000318e+02	1.412199999999999900e+00	1.744099999999999984e+00
4.228799999999999955e+02	1.401999999999999913e+00	1.731100000000000083e+00
4.297699999999999818e+02	1.380800000000000027e+00	1.714299999999999935e+00
4.367800000000000296e+02	1.347199999999999953e+00	1.697300000000000031e+00
4.439000000000000341e+02	1.301099999999999923e+00	1.683999999999999941e+00
4.511399999999999864e+02	1.243900000000000006e+00	1.677699999999999969e+00
4.585000000000000000e+02	1.177699999999999969e+00	1.681200000000000028e+00
4.659800000000000182e+02	1.105399999999999938e+00	1.696199999999999930e+00
4.735799999999999841e+02	1.029900000000000038e+00	1.723300000000000054e+00
4.813000000000000114e+02	9.539600000000000302e-01	1.762499999999999956e+00
4.891499999999999773e+02	8.800900000000000389e-01	1.812899999999999956e+00
4.971200000000000045e+02	8.101500000000000368e-01	1.872999999999999998e+00
5.052299999999999613e+02	7.453499999999999570e-01	1.941000000000000059e+00
5.134700000000000273e+02	6.863099999999999756e-01	2.015400000000000080e+00
5.218399999999999181e+02	6.331599999999999451e-01	2.094500000000000028e+00
5.303500000000000227e+02	5.856799999999999784e-01	2.177000000000000046e+00
5.390000000000000000e+02	5.434799999999999631e-01	2.262000000000000011e+00
5.477899999999999636e+02	5.060599999999999543e-01	2.348599999999999799e+00
5.567200000000000273e+02	4.728999999999999870e-01	2.436399999999999899e+00
5.657999999999999545e+02	4.435100000000000153e-01	2.524900000000000144e+00
5.750300000000000864e+02	4.174300000000000233e-01	2.613999999999999879e+00
5.843999999999999773e+02	3.942700000000000093e-01	2.703399999999999803e+00
5.939299999999999500e+02	3.736599999999999921e-01	2.793000000000000149e+00
6.036200000000000045e+02	3.553000000000000047e-01	2.882800000000000029e+00
6.134600000000000364e+02	3.389300000000000090e-01	2.972799999999999887e+00
6.234600000000000364e+02	3.243199999999999972e-01	3.063000000000000167e+00
6.336299999999999955e+02	3.112699999999999911e-01	3.153399999999999981e+00
6.439599999999999227e+02	2.996199999999999974e-01	3.244099999999999984e+00
6.544600000000000364e+02	2.892199999999999771e-01	3.334999999999999964e+00
6.651399999999999864e+02	2.799499999999999766e-01	3.426299999999999901e+00
6.759800000000000182e+02	2.716999999999999971e-01	3.517999999999999794e+00
6.870099999999999909e+02	2.643800000000000039e-01	3.610199999999999854e+00
6.982100000000000364e+02	2.579099999999999726e-01	3.702799999999999869e+00
7.095900000000000318e+02	2.522199999999999998e-01	3.795999999999999819e+00
7.211699999999999591e+02	2.472499999999999976e-01	3.889800000000000146e+00
7.329200000000000728e+02	2.429499999999999993e-01	3.984300000000000175e+00
7.448799999999999955e+02	2.392700000000000105e-01	4.079399999999999693e+00
7.570199999999999818e+02	2.361800000000000010e-01	4.175300000000000011e+00
7.693700000000000045e+02	2.336399999999999866e-01	4.272000000000000242e+00
7.819099999999999682e+02	2.316199999999999926e-01	4.369500000000000384e+00
7.946600000000000819e+02	2.300999999999999990e-01	4.467900000000000205e+00
8.076200000000000045e+02	2.290600000000000136e-01	4.567300000000000360e+00
8.207899999999999636e+02	2.284799999999999887e-01	4.667600000000000193e+00
8.341800000000000637e+02	2.283399999999999874e-01	4.768900000000000361e+00
8.477799999999999727e+02	2.286299999999999999e-01	4.871299999999999741e+00
8.616000000000000227e+02	2.293499999999999983e-01	4.974800000000000111e+00
8.756500000000000909e+02	2.304900000000000004e-01	5.079500000000000348e+00
8.899299999999999500e+02	2.320399999999999963e-01	5.185299999999999798e+00
9.044499999999999318e+02	2.340099999999999958e-01	5.292300000000000004e+00
9.191899999999999409e+02	2.363899999999999890e-01	5.400599999999999845e+00
9.341800000000000637e+02	2.391900000000000137e-01	5.510200000000000209e+00
9.494200000000000728e+02	2.424099999999999866e-01	5.621100000000000207e+00
9.648999999999999773e+02	2.460600000000000009e-01	5.733399999999999608e+00
9.806299999999999955e+02	2.501499999999999835e-01	5.847100000000000186e+00
9.966200000000000045e+02	2.546900000000000275e-01	5.962200000000000166e+00
1.012899999999999864e+03	2.596999999999999864e-01	6.078800000000000203e+00
1.029400000000000091e+03	2.651999999999999913e-01	6.196900000000000297e+00
1.046200000000000045e+03	2.712100000000000066e-01	6.316499999999999559e+00
1.063199999999999818e+03	2.777600000000000069e-01	6.437700000000000422e+00
1.080599999999999909e+03	2.848600000000000021e-01	6.560399999999999565e+00
1.098200000000000045e+03	2.925499999999999767e-01	6.684800000000000075e+00
1.116100000000000136e+03	3.008600000000000163e-01	6.810699999999999754e+00
1.134300000000000182e+03	3.098299999999999943e-01	6.938299999999999912e+00
1.152799999999999955e+03	3.194899999999999962e-01	7.067400000000000126e+00
1.171599999999999909e+03	3.298699999999999966e-01	7.198100000000000165e+00
1.190700000000000045e+03	3.410199999999999898e-01	7.330400000000000027e+00
1.210099999999999909e+03	3.529499999999999860e-01	7.464199999999999946e+00
1.229900000000000091e+03	3.656900000000000150e-01	7.599499999999999922e+00
1.249900000000000091e+03	3.792400000000000215e-01	7.736100000000000421e+00
1.270299999999999955e+03	3.935899999999999954e-01	7.874100000000000321e+00
1.291000000000000000e+03	4.086899999999999977e-01	8.013199999999999434e+00
1.312100000000000136e+03	4.244600000000000040e-01	8.153399999999999537e+00
1.333500000000000000e+03	4.407599999999999851e-01	8.294600000000000861e+00
1.355200000000000045e+03	4.574099999999999833e-01	8.436700000000000088e+00
1.377299999999999955e+03	4.741900000000000004e-01	8.579700000000000770e+00
1.399799999999999955e+03	4.907900000000000040e-01	8.723499999999999588e+00
1.422600000000000136e+03	5.069200000000000372e-01	8.868299999999999628e+00
1.445799999999999955e+03	5.222599999999999465e-01	9.014200000000000657e+00
1.469400000000000091e+03	5.365499999999999714e-01	9.161599999999999966e+00
1.493300000000000182e+03	5.495999999999999774e-01	9.310900000000000176e+00
1.517700000000000045e+03	5.613500000000000156e-01	9.462500000000000355e+00
1.542400000000000091e+03	5.718499999999999694e-01	9.616799999999999571e+00
1.567600000000000136e+03	5.812899999999999734e-01	9.774399999999999977e+00
1.593099999999999909e+03	5.899299999999999544e-01	9.935499999999999332e+00
1.619099999999999909e+03	5.981300000000000505e-01	1.009999999999999964e+01
1.645500000000000000e+03	6.062199999999999811e-01	1.026900000000000013e+01
1.672299999999999955e+03	6.145500000000000407e-01	1.044200000000000017e+01
1.699599999999999909e+03	6.233999999999999542e-01	1.061899999999999977e+01
1.727299999999999955e+03	6.330400000000000471e-01	1.079899999999999949e+01
1.755500000000000000e+03	6.436600000000000099e-01	1.098399999999999999e+01
1.784099999999999909e+03	6.554100000000000481e-01	1.117200000000000060e+01
1.813199999999999818e+03	6.683900000000000396e-01	1.136299999999999955e+01
1.842799999999999955e+03	6.826999999999999735e-01	1.155799999999999983e+01
1.872799999999999955e+03	6.983899999999999553e-01	1.175699999999999967e+01
1.903400000000000091e+03	7.155000000000000249e-01	1.195899999999999963e+01
1.934399999999999864e+03	7.340799999999999548e-01	1.216399999999999970e+01
1.966000000000000000e+03	7.541400000000000325e-01	1.237199999999999989e+01
1.998000000000000000e+03	7.757300000000000306e-01	1.258399999999999963e+01
2.030600000000000136e+03	7.988600000000000145e-01	1.279800000000000004e+01
2.063699999999999818e+03	8.235599999999999588e-01	1.301600000000000001e+01
2.097400000000000091e+03	8.498700000000000143e-01	1.323700000000000010e+01
2.131600000000000364e+03	8.778099999999999792e-01	1.346000000000000085e+01
2.166300000000000182e+03	9.074200000000000044e-01	1.368699999999999939e+01
2.201599999999999909e+03	9.387199999999999989e-01	1.391699999999999982e+01
2.237500000000000000e+03	9.717400000000000482e-01	1.414899999999999913e+01
2.274000000000000000e+03	1.006499999999999950e+00	1.438400000000000034e+01
2.311100000000000364e+03	1.042999999999999927e+00	1.462199999999999989e+01
2.348800000000000182e+03	1.081199999999999939e+00	1.486299999999999955e+01
2.387100000000000364e+03	1.121099999999999985e+00	1.510599999999999987e+01
2.426000000000000000e+03	1.162600000000000078e+00	1.535100000000000087e+01
2.465599999999999909e+03	1.205600000000000005e+00	1.559800000000000075e+01
2.505799999999999727e+03	1.250099999999999989e+00	1.584800000000000075e+01
2.546699999999999818e+03	1.295800000000000063e+00	1.609900000000000020e+01
2.588200000000000273e+03	1.342500000000000027e+00	1.635300000000000153e+01
2.630399999999999636e+03	1.389899999999999913e+00	1.660800000000000054e+01
2.673299999999999727e+03	1.437799999999999967e+00	1.686400000000000077e+01
2.716900000000000091e+03	1.485700000000000021e+00	1.712300000000000111e+01
2.761200000000000273e+03	1.533300000000000107e+00	1.738400000000000034e+01
2.806199999999999818e+03	1.580200000000000049e+00	1.764600000000000080e+01
2.852000000000000000e+03	1.626100000000000101e+00	1.791100000000000136e+01
2.898500000000000000e+03	1.670500000000000096e+00	1.817899999999999849e+01
2.945699999999999818e+03	1.713300000000000045e+00	1.844999999999999929e+01
2.993799999999999727e+03	1.754199999999999982e+00	1.872500000000000142e+01
3.042600000000000364e+03	1.793199999999999905e+00	1.900400000000000134e+01
3.092200000000000273e+03	1.830400000000000027e+00	1.928800000000000026e+01
3.142599999999999909e+03	1.865799999999999903e+00	1.957799999999999940e+01
3.193900000000000091e+03	1.899899999999999922e+00	1.987399999999999878e+01
3.246000000000000000e+03	1.932800000000000074e+00	2.017599999999999838e+01
3.298900000000000091e+03	1.965000000000000080e+00	2.048600000000000065e+01
3.352699999999999818e+03	1.997000000000000108e+00	2.080199999999999960e+01
3.407400000000000091e+03	2.029199999999999893e+00	2.112600000000000122e+01
3.462900000000000091e+03	2.061999999999999833e+00	2.145700000000000074e+01
3.519400000000000091e+03	2.095800000000000107e+00	2.179599999999999937e+01
3.576800000000000182e+03	2.130999999999999783e+00	2.214199999999999946e+01
3.635099999999999909e+03	2.168000000000000149e+00	2.249599999999999866e+01
3.694400000000000091e+03	2.206900000000000084e+00	2.285699999999999932e+01
3.754599999999999909e+03	2.248000000000000220e+00	2.322599999999999909e+01
3.815900000000000091e+03	2.291500000000000092e+00	2.360099999999999909e+01
3.878099999999999909e+03	2.337600000000000122e+00	2.398400000000000176e+01
3.941300000000000182e+03	2.386400000000000077e+00	2.437399999999999878e+01
4.005600000000000364e+03	2.438000000000000167e+00	2.476999999999999957e+01
4.070900000000000091e+03	2.492500000000000160e+00	2.517399999999999949e+01
4.137300000000000182e+03	2.549900000000000055e+00	2.558399999999999963e+01
4.204799999999999272e+03	2.610300000000000065e+00	2.600100000000000122e+01
4.273300000000000182e+03	2.673799999999999955e+00	2.642500000000000071e+01
4.343000000000000000e+03	2.740400000000000169e+00	2.685600000000000165e+01
4.413800000000000182e+03	2.810099999999999820e+00	2.729299999999999926e+01
4.485800000000000182e+03	2.883000000000000007e+00	2.773699999999999832e+01
4.558900000000000546e+03	2.959200000000000053e+00	2.818799999999999883e+01
4.633300000000000182e+03	3.038600000000000190e+00	2.864600000000000080e+01
4.708800000000000182e+03	3.121399999999999952e+00	2.911100000000000065e+01
4.785599999999999454e+03	3.207500000000000018e+00	2.958200000000000074e+01
4.863699999999999818e+03	3.297000000000000153e+00	3.006099999999999994e+01
4.943000000000000000e+03	3.390000000000000124e+00	3.054599999999999937e+01
5.023600000000000364e+03	3.486600000000000144e+00	3.103900000000000148e+01
5.105500000000000000e+03	3.586699999999999999e+00	3.153900000000000148e+01
5.188799999999999272e+03	3.690500000000000114e+00	3.204599999999999937e+01
5.273399999999999636e+03	3.798099999999999810e+00	3.256000000000000227e+01
5.359399999999999636e+03	3.909400000000000208e+00	3.308100000000000307e+01
5.446799999999999272e+03	4.024700000000000166e+00	3.360999999999999943e+01
5.535599999999999454e+03	4.143900000000000361e+00	3.414699999999999847e+01
5.625800000000000182e+03	4.267199999999999882e+00	3.469100000000000250e+01
5.717600000000000364e+03	4.394599999999999618e+00	3.524199999999999733e+01
5.810800000000000182e+03	4.526200000000000223e+00	3.580199999999999960e+01
5.905599999999999454e+03	4.662300000000000111e+00	3.636899999999999977e+01
6.001899999999999636e+03	4.802699999999999747e+00	3.694400000000000261e+01
6.099700000000000728e+03	4.947700000000000209e+00	3.752700000000000102e+01
6.199199999999999818e+03	5.097400000000000375e+00	3.811800000000000210e+01
